206
36 10
28 29
13 34
39 31
13 40
29 25
46 12
14 27
28 10
46 10
33 21
10 24
49 26
16 13
28 17
32 17
16 31
22 41
46 21
28 46
31 28
15 23
47 49
21 32
38 19
16 30
43 26
31 31
49 24
46 41
14 26
20 17
26 47
39 25
49 46
39 26
26 44
10 38
10 22
10 13
33 39
10 46
42 17
31 33
27 23
29 42
20 24
35 17
21 35
25 13
42 17
20 12
31 18
32 15
28 39
25 48
15 48
17 15
20 11
25 36
46 23
13 18
37 18
32 49
43 48
18 37
33 44
20 30
42 30
40 38
49 12
25 35
41 27
38 43
44 38
13 29
38 46
27 32
38 46
34 48
16 29
21 37
23 31
21 27
12 27
22 29
48 43
47 44
16 28
39 17
38 29
11 21
38 42
26 41
20 46
18 22
44 32
26 16
46 21
12 28
11 47
16 34
45 32
16 17
22 33
23 17
31 13
37 16
36 15
25 26
17 14
37 14
45 43
12 42
38 42
12 18
22 37
33 43
35 28
35 31
20 21
21 22
38 27
40 27
47 47
45 23
12 19
39 26
47 42
15 17
36 17
40 15
30 29
15 42
18 30
12 35
38 23
25 29
41 23
37 23
36 34
20 46
21 24
42 47
31 11
48 34
46 40
18 14
35 25
35 20
10 18
32 45
39 34
40 36
24 33
19 44
19 28
18 19
32 21
38 43
49 47
24 47
16 13
41 37
10 46
28 46
16 20
16 20
43 41
32 30
38 21
37 44
43 26
24 35
46 48
11 29
20 13
24 23
34 18
38 12
36 25
39 11
37 48
16 30
16 32
16 27
31 45
30 37
38 45
49 26
26 19
34 14
39 10
31 25
46 28
14 16
26 11
41 33
46 33
47 22
39 21
47 23
43 19
42 27
32 35
26 44